   0.00   9.778060E+01
   0.95   9.685370E+01
   1.91   9.411853E+01
   2.86   8.970835E+01
   3.82   8.383438E+01
   4.77   7.677071E+01
   5.73   6.883525E+01
   6.68   6.036852E+01
   7.64   5.171227E+01
   8.59   4.318955E+01
   9.55   3.508781E+01
  10.50   2.764594E+01
  11.46   2.104596E+01
  12.42   1.540933E+01
  13.37   1.079755E+01
  14.33   7.216568E+00
  15.28   4.623901E+00
  16.24   2.937784E+00
  17.20   2.047253E+00
  18.15   1.822394E+00
  19.11   2.124039E+00
  20.07   2.812384E+00
  21.03   3.754177E+00
  21.98   4.828302E+00
  22.94   5.929710E+00
  23.90   6.971789E+00
  24.86   7.887340E+00
  25.82   8.628359E+00
  26.78   9.164894E+00
  27.74   9.483206E+00
  28.70   9.583462E+00
  29.66   9.477193E+00
  30.62   9.184668E+00
  31.58   8.732342E+00
  32.54   8.150489E+00
  33.50   7.471091E+00
  34.46   6.726047E+00
  35.43   5.945706E+00
  36.39   5.157760E+00
  37.35   4.386444E+00
  38.32   3.652055E+00
  39.28   2.970727E+00
  40.24   2.354434E+00
  41.21   1.811175E+00
  42.18   1.345296E+00
  43.14   9.579063E-01
  44.11   6.473576E-01
  45.08   4.097468E-01
  46.04   2.394230E-01
  47.01   1.294729E-01
  47.98   7.216993E-02
  48.95   5.937722E-02
  49.92   8.289552E-02
  50.89   1.347537E-01
  51.86   2.074405E-01
  52.83   2.940793E-01
  53.81   3.885494E-01
  54.78   4.855588E-01
  55.75   5.806738E-01
  56.73   6.703131E-01
  57.70   7.517124E-01
  58.68   8.228667E-01
  59.66   8.824565E-01
  60.63   9.297639E-01
  61.61   9.645845E-01
  62.59   9.871379E-01
  63.57   9.979811E-01
  64.55   9.979281E-01
  65.53   9.879759E-01
  66.51   9.692391E-01
  67.49   9.428939E-01
  68.47   9.101311E-01
  69.46   8.721178E-01
  70.44   8.299678E-01
  71.42   7.847204E-01
  72.41   7.373254E-01
  73.40   6.886350E-01
  74.38   6.393999E-01
  75.37   5.902708E-01
  76.36   5.418022E-01
  77.35   4.944586E-01
  78.34   4.486228E-01
  79.33   4.046039E-01
  80.32   3.626471E-01
  81.31   3.229414E-01
  82.31   2.856282E-01
  83.30   2.508084E-01
  84.30   2.185489E-01
  85.29   1.888875E-01
  86.29   1.618378E-01
  87.29   1.373923E-01
  88.28   1.155255E-01
  89.28   9.619542E-02
  90.28   7.934546E-02
  91.28   6.490542E-02
  92.28   5.279228E-02
  93.29   4.291096E-02
  94.29   3.515495E-02
  95.29   2.940705E-02
  96.30   2.554025E-02
  97.30   2.341868E-02
  98.31   2.289885E-02
  99.32   2.383098E-02
 100.33   2.606056E-02
 101.34   2.942999E-02
 102.35   3.378037E-02
 103.36   3.895326E-02
 104.37   4.479250E-02
 105.38   5.114596E-02
 106.39   5.786717E-02
 107.41   6.481684E-02
 108.42   7.186418E-02
 109.44   7.888804E-02
 110.45   8.577775E-02
 111.47   9.243385E-02
 112.49   9.876843E-02
 113.51   1.047053E-01
 114.53   1.101800E-01
 115.55   1.151392E-01
 116.57   1.195406E-01
 117.59   1.233522E-01
 118.61   1.265512E-01
 119.64   1.291234E-01
 120.66   1.310624E-01
 121.69   1.323684E-01
 122.71   1.330475E-01
 123.74   1.331108E-01
 124.77   1.325736E-01
 125.80   1.314548E-01
 126.83   1.297768E-01
 127.85   1.275643E-01
 128.89   1.248449E-01
 129.92   1.216487E-01
 130.95   1.180081E-01
 131.98   1.139583E-01
 133.01   1.095371E-01
 134.05   1.047857E-01
 135.08   9.974808E-02
 136.12   9.447212E-02
 137.15   8.900916E-02
 138.19   8.341428E-02
 139.23   7.774626E-02
 140.26   7.206741E-02
 141.30   6.644325E-02
 142.34   6.094204E-02
 143.38   5.563415E-02
 144.42   5.059126E-02
 145.46   4.588541E-02
 146.50   4.158790E-02
 147.54   3.776811E-02
 148.58   3.449218E-02
 149.63   3.182167E-02
 150.67   2.981219E-02
 151.71   2.851202E-02
 152.76   2.796083E-02
 153.80   2.818842E-02
 154.85   2.921371E-02
 155.89   3.104375E-02
 156.94   3.367306E-02
 157.98   3.708313E-02
 159.03   4.124218E-02
 160.07   4.610520E-02
 161.12   5.161429E-02
 162.17   5.769922E-02
 163.22   6.427834E-02
 164.26   7.125973E-02
 165.31   7.854258E-02
 166.36   8.601881E-02
 167.41   9.357489E-02
 168.46   1.010938E-01
 169.51   1.084572E-01
 170.55   1.155475E-01
 171.60   1.222499E-01
 172.65   1.284550E-01
 173.70   1.340604E-01
 174.75   1.389729E-01
 175.80   1.431104E-01
 176.85   1.464033E-01
 177.90   1.487960E-01
 178.95   1.502481E-01
 180.00   1.507349E-01
